start=138.520000
fullscreen=yes
sid=3
sub-delay=-105.901321
