start=1429.803000
fullscreen=yes
sub-delay=-0.500000
