start=1341.966000
fullscreen=yes
sub-delay=-0.500000
