start=1362.903000
fullscreen=yes
sub-delay=-0.500000
