start=1435.524000
fullscreen=yes
border=no
sub-delay=-0.200000
sub-pos=101
