start=8357.474000
volume=102.000000
border=no
aid=3
sid=4
sub-visibility=no
