start=1427.509000
sub-delay=-0.500000
