start=1440.481000
fullscreen=yes
sub-delay=-0.500000
