start=1422.880000
volume=88.000000
fullscreen=yes
border=no
sub-delay=-1.000000
