start=1359.066000
fullscreen=yes
border=no
panscan=0.000000
sid=4
