start=1363.529000
fullscreen=yes
sub-delay=-0.500000
