start=1427.301000
sub-delay=-0.500000
