start=1428.469000
fullscreen=yes
sub-delay=-0.500000
