start=1367.950000
volume=92.000000
fullscreen=yes
sub-delay=-0.400000
