start=1317.399417
speed=1.464100
