start=2762.775000
border=no
sid=3
sub-delay=0.000000
sub-visibility=no
