start=838.379000
pause=yes
volume=104.000000
border=no
sid=1
sub-delay=49.599815
