start=1029.702000
fullscreen=yes
sub-delay=-1.500000
