start=1372.621000
volume=102.000000
fullscreen=yes
sub-delay=-0.500000
sub-visibility=no
