start=1424.256000
fullscreen=yes
sub-delay=-0.500000
