start=1271.645000
fullscreen=yes
sid=1
sub-delay=0.000000
sub-pos=101
