start=1374.422000
fullscreen=yes
border=no
sid=4
sub-delay=1.000000
