start=1384.341000
volume=98.000000
fullscreen=yes
border=no
sid=4
