start=1364.905000
fullscreen=yes
sub-delay=-0.500000
