start=1364.238000
fullscreen=yes
sub-delay=-0.500000
