start=389.229000
sub-delay=1.000000
