start=371.900000
speed=1.948717
