start=1388.477000
fullscreen=yes
border=no
sid=4
sub-delay=-0.000001
