start=1439.063000
pause=yes
sub-delay=-0.500000
