start=1457.630000
fullscreen=yes
border=no
sid=5
sub-delay=0.200000
