start=1471.102000
fullscreen=yes
border=no
sid=5
sub-delay=0.200000
