start=1423.881000
border=no
sub-delay=1.000000
