start=1365.406000
fullscreen=yes
sub-delay=-0.500000
