start=1394.059000
sub-delay=-0.500000
