start=4670.374000
fullscreen=yes
sub-delay=2.000001
