start=1363.112000
fullscreen=yes
border=no
panscan=0.500000
sid=3
