start=4.011000
pause=yes
sub-delay=-1.000000
