start=14.640000
pause=yes
sub-delay=42.999916
