start=1364.530000
fullscreen=yes
sub-delay=-0.500000
