start=1430.763000
fullscreen=yes
border=no
sid=4
ab-loop-a=145.896000
