start=442.880000
speed=1.464100
fullscreen=yes
sub-pos=101
