start=1434.391000
sub-delay=-0.500000
