start=1340.840000
fullscreen=yes
sub-delay=-0.500000
