start=1364.488000
fullscreen=yes
sub-delay=-0.500000
