start=1424.506000
fullscreen=yes
border=no
sid=4
sub-delay=-0.000000
