start=1407.865000
sub-delay=-0.500000
