start=1360.901000
fullscreen=yes
sub-delay=-0.500000
