start=1444.825000
fullscreen=yes
border=no
sid=5
sub-delay=-0.000000
