start=1386.976000
fullscreen=yes
border=no
contrast=1
sid=4
sub-delay=0.000005
sub-pos=101
